version https://git-lfs.github.com/spec/v1
oid sha256:e2afffa9bc9458f96f0023a3abaf9d484f8eeb44f331e783271037c73422cb0f
size 1430529
